160804 1226   4 -16 -1.2  7.0400090  M5KVK IO92 33           0     1    0
160804 1226   5  -6 -0.5  7.0400565  G8EPA IO91 27           0     1    0
160804 1226   7  15 -1.1  7.0400680  G8AXA JO01 37           0     1    0
160804 1226   3 -21 -1.2  7.0400939   DL/G6GLG 37            0     1    0
160804 1226   4  -5 -1.2  7.0401625  DL2SAX JN48 23          0     1    0
160804 1226   5   6 -0.6  7.0401647  DH5RAE JN68 33          0     1    0
160804 1226   2 -21 -1.2  7.0401752  DL2ZQ JO42 27           0     1    0
160804 1226   5 -10 -1.2 10.1401264  SI9AM JP82 23           1     1    0
160804 1226   4  -7 -0.6 10.1402090  SQ6POG JO81 37          1     1    0
160804 1226   4 -13 -1.2 10.1402114  SM3ESX JP82 20          0     1    0
160804 1226   6 -11 -0.2 10.1402361  OK2SAM JN99 30          1     1    0
160804 1226   3   2 -1.9 10.1402839  IK1WVQ JN44 27          0     1    0
160804 1226   3  -1 -0.6 14.0971091  EA6/EA3FLN 30           1     1    0
160804 1226   3 -20 -1.2 14.0971326  PA3GUV JO22 23          1     1    0
160804 1226   3 -16 -1.2 14.0971433  N0AN EN22 37            0     1    0
160804 1226   3 -23 -1.2 14.0971481  LA3JJ JO59 23           0    16    0
160804 1226   2 -21 -1.2 28.1261200  LA2BCN JO48 40          1     2    0
